41
2
52
36
59
15
6
72
30
6
46
14
70
9
97
1
34
44
73
51
24
82
82
46
71
34
17
51
91
14
84
5
79
88
45
93
36
85
38
92
56
90
43
34
60
9
14
95
68
100
14
40
55
8
91
91
60
39
43
11
11
17
32
64
68
93
0
19
57
15
99
57
27
91
96
45
85
20
38
82
49
29
67
54
43
68
50
18
26
52
23
65
78
61
78
58
36
8
42
64
38
48
13
28
7
44
53
76
87
92
70
63
99
90
9
21
46
25
100
69
71
8
68
56
85
36
52
31
85
49
11
20
3
6
89
85
11
40
59
48
51
83
47
81
19
24
47
32
52
19
17
17
39
86
8
78
8
100
89
89
28
19
83
41
63
80
99
31
17
70
8
50
66
4
30
61
99
49
5
33
36
71
47
30
78
26
60
21
36
65
52
35
63
1
1
45
66
51
78
100
93
92
99
2
76
71
43
30
88
33
50
56
100
59
50
94
49
85
81
90
13
15
90
31
5
95
55
46
2
98
70
37
78
91
90
70
7
35
53
10
69
52
79
47
1
39
46
44
96
97
77
3
64
57
59
90
62
63
77
99
20
14
54
24
48
3
2
89
94
15
13
53
37
41
62
15
24
9
14
36
82
97
36
82
1
66
75
46
10
40
27
94
34
41
84
55
26
23
57
67
75
86
81
41
72
49
23
6
7
5
99
73
42
8
1
68
26
60
28
29
81
84
93
51
54
42
41
18
30
80
50
73
99
89
56
89
78
96
35
80
95
12
59
83
32
6
27
47
74
46
84
24
4
45
1
16
49
42
49
53
51
38
5
61
7
2
22
62
15
52
68
77
12
99
15
7
32
85
79
7
76
88
77
88
13
21
5
21
66
99
96
46
46
18
11
17
32
84
23
83
97
3
27
35
27
13
88
48
62
71
99
79
1
62
96
31
69
17
28
91
70
6
27
93
80
89
22
48
55
19
46
22
53
64
49
85
11
71
24
58
64
27
86
80
93
29
52
58
88
72
59
87
3
8
59
66
34
9
85
24
100
17
46
31
67
63
30
75
66
64
57
4
74
93
18
22
96
36
38
5
28
71
57
21
88
3
82
46
83
59
89
48
69
77
64
13
91
79
44
0
100
76
3
9
95
4
63
11
59
16
21
32
62
14
97
1
7
56
76
93
90
7
73
20
15
0
84
82
20
61
50
21
53
51
68
52
4
24
74
50
30
0
67
16
59
56
12
7
63
32
33
10
29
92
49
34
44
19
66
54
66
24
45
1
65
36
46
100
72
25
29
98
53
18
40
53
10
77
93
88
64
30
17
74
3
75
3
32
91
52
60
50
31
29
82
76
93
27
97
78
98
51
89
20
88
49
3
95
55
45
5
59
17
79
2
16
41
16
36
21
52
60
50
68
100
92
64
79
18
10
21
75
3
51
33
38
25
44
80
61
76
49
54
49
42
84
46
50
64
75
55
41
18
43
60
62
78
27
1
34
75
83
5
57
88
44
16
16
99
77
80
18
92
48
70
79
75
76
43
41
25
78
27
20
20
97
11
20
48
85
40
86
37
88
6
73
84
30
83
30
50
97
58
0
97
70
71
52
96
4
52
27
69
80
23
61
30
21
54
91
30
23
19
77
5
29
35
33
31
87
99
31
82
57
40
4
42
3
10
52
18
61
40
72
6
43
39
15
64
70
27
6
30
34
51
24
98
62
56
26
24
52
46
52
70
64
16
60
28
77
73
80
63
61
89
85
39
25
17
36
59
50
55
74
5
10
79
97
47
95
87
5
58
42
10
86
50
91
69
42
36
80
26
99
100
37
57
68
39
62
26
4
88
10
65
37
23
78
100
18
92
39
71
38
70
19
6
37
49
10
96
4
14
52
33
89
16
39
84
5
22
7
68
54
5
40
98
10
61
81
89
90
75
3
98
21
34
1
88
68
2
68
71
51
42
47
75
40
44
2
97
48
89
32
6
69
60
90
17
67
38
79
81
12
28
44
100
4
90
96
31
49
33
17
94
64
11
31
92
59
9
24
44
11
52
87
3
23
51
60
42
23
25
66
94
73
2
13
82
59
37
51
58
45
17
8
29
58
65
60
54
6
81
4
31
5
17
67
17
57
23
25
61
27
77
0
83
83
84
42
40
18
46
32
68
22
52
6
65
1
75
2
23
71
12
9
53
40
86
31
75
44
35
65
97
74
95
36
52
29
86
26
96
93
75
92
70
92
51
68
95
94
27
16
98
25
61
40
34
11
